54

  1 36    10.3 
  1 37    5.9 
  1 38    11.2 
  1 50    6.0 

  2 3    4.8 
  2 5    8.3 
  2 50    9.2 

  3 2    4.8 
  3 38    7.9 
  3 39    8.2 

  4 8    20.4 
  4 39    12.7 

  5 2    8.3 
  5 6    9.7 
  5 39    11.3 
  5 48    11.4 

  6 5    9.7 
  6 7    7.3 
  6 47    11.8 
  6 48    9.5 

  7 6    7.3 
  7 39    15.1 
  7 40    7.2 
  7 47    14.5 

  8 4    20.4 
  8 40    8.0 

  9 40    7.8 
  9 41    5.6 

  10 41    10.8 

  11 40    14.2 
  11 45    13.2 
  11 42    6.8 

  12 41    12.2 
  12 42    7.8 
  12 43    10.2 

  13 14    8.6 
  13 42    8.6 
  13 45    9.8 
  13 44    16.4 

  14 13    8.6 
  14 15    14.8 
  14 43    9.9 

  15 14    14.8 
  15 44    8.8 

  16 44    11.8 
  16 17    6.8 

  17 16    6.8 
  17 22    6.7 
  17 46    9.8 

  18 44    8.2 
  18 45    8.2 
  18 46    9.2 

  19 20    9.3 
  19 45    8.1 
  19 47    7.2 

  20 19    9.3 
  20 21    7.9 
  20 25    6.5 
  20 47    5.5 

  21 20    7.9 
  21 23    9.1 
  21 25    7.6 
  21 46    4.1 

  22 17    6.7 
  22 23    10.0 
  22 46    10.1 

  23 21    9.1 
  23 22    10.0 
  23 24    8.9 
  23 49    7.9 

  24 23    8.9 
  24 49    13.2 
  24 27    18.8 

  25 20    6.5 
  25 21    7.6 
  25 49    8.8 
  25 48    12.0 

  26 27    7.8 
  26 49    10.5 
  26 51    10.5 

  27 24    18.8 
  27 26    7.8 
  27 28    7.9 

  28 27    7.9 
  28 51    12.1 
  28 52    8.3 

  29 51    15.2 
  29 52    7.2 
  29 53    7.9 

  30 32    10.3 
  30 52    7.7 

  31 32    8.1 
  31 33    7.3 
  31 53    9.2 

  32 30    10.3 
  32 31    8.1 
  32 33    19.0 
  32 35    14.9 

  33 31    7.3 
  33 32    19.0 
  33 35    20.3 
  33 36    7.4 

  34 35    8.2 
  34 36    11.5 
  34 37    17.6 

  35 32    14.9 
  35 33    20.3 
  35 34    8.2 

  36 33    7.4 
  36 34    11.5 
  36 37    12.2 
  36 53    8.8 
  36 1    10.3 

  37 1    5.9 
  37 36    12.2 
  37 38    11.0 
  37 34    17.6 

  38 1    11.2 
  38 37    11.0 
  38 3    7.9 
  38 50    11.5 

  39 3    8.2 
  39 4    12.7 
  39 5    11.3 
  39 7    15.1 

  40 7    7.2 
  40 8    8.0 
  40 9    7.8 
  40 11    14.2 

  41 9    5.6 
  41 10    10.8 
  41 12    12.2 

  42 11    6.8 
  42 12    7.8 
  42 13    8.6 

  43 12    10.2 
  43 14    9.9 

  44 13    16.4 
  44 15    8.8 
  44 16    11.8 
  44 18    8.2 
  44 45    15.8 

  45 11    13.2 
  45 13    9.8 
  45 18    8.2 
  45 19    8.1 
  45 44    15.8 

  46 17    9.8 
  46 18    9.2 
  46 21    4.1 
  46 22    10.1 

  47 6    11.8 
  47 7    14.5 
  47 19    7.2 
  47 20    5.5 

  48 5    11.4 
  48 6    9.5 
  48 25    12.0 
  48 49    14.2 
  48 50    19.8 

  49 23    7.9 
  49 24    13.2 
  49 25    8.8 
  49 26    10.5 
  49 48    14.2 

  50 1    6.0 
  50 2    9.2 
  50 38    11.5 
  50 48    19.8 
  50 51    10.1 
  50 53    12.9 

  51 26    10.5 
  51 28    12.1 
  51 29    15.2 
  51 50    10.1 

  52 28    8.3 
  52 29    7.2 
  52 30    7.7 

  53 29    7.9 
  53 31    9.2 
  53 36    8.8 
  53 50    12.9 

-1 -1 -1
